-15,
-7,
-15,
-6,
-12,
-16,
-20,
-10,
-6,
-15,
-16,
-7,
-3,
-11,
-5,
-18,
-20,
-7,
0,
-19,
-13,
-20,
-1,
-13,
-8,
-5,
-9,
-5,
-5,
-15,
-20,
-5,
-18,
-18,
-3,
-12,
-20,
-11,
-10,
-18,
-2,
-17,
-11,
-13,
-13,
-2,
-5,
-1,
-1,
-1,
-20,
-1,
-18,
-19,
-10,
-4,
-17,
-18,
-13,
-7,
-8,
-7,
25,
12,
22,
2,
12,
6,
24,
13,
1,
2,
14,
24,
12,
0,
14,
21,
0,
12,
4,
17,
13,
15,
20,
22,
8,
22,
10,
2,
0,
4,
8,
4,
12,
5,
20,
24,
14,
15,
14,
8,
8,
14,
20,
13,
3,
13,
6,
7,
17,
20,
20,
2,
16,
20,
15,
11,
10,
18,
8,
0,
9,
23,
9,
17,
1,
24,
2,
19,
9,
22,
14,
2,
16,
2,
22,
5,
4,
18,
3,
3,
8,
3,
7,
11,
11,
13,
21,
24,
3,
21,
1,
25,
25,
15,
4,
25,
6,
8,
12,
5,
11,
21,
2,
23,
10,
4,
7,
4,
10,
5,
25,
9,
3,
24,
25,
2,
22,
9,
10,
17,
18,
23,
0,
19,
9,
9,
10,
14,
7,
24,
4,
0,
22,
21,
4,
25,
22,
14,
3,
8,
2,
24,
2,
5,
12,
7,
12,
24,
12,
6,
3,
20,
25,
3,
5,
18,
19,
4,
24,
19,
23,
16,
25,
15,
1,
20,
11,
20,
25,
11,
9,
6,
23,
11,
5,
9,
25,
14,
25,
8,
12,
25,
10,
3,
10,
22,
14,
9,
2,
8,
14,
16,
2,
4,
7,
2,
2,
12,
8,
6,
10,
0,
6,
0,
2,
7,
9,
6,
10,
0,
6,
0,
7,
6,
9,
6,
7,
10,
4,
7,
4,
7,
1,
5,
3,
0,
7,
3,
7,
7,
8,
0,
1,
10,
5,
8,
0,
11,
1,
8,
5,
7,
11,
4,
8,
8,
6,
9,
10,
6,
9,
4,
8,
2,
8,
-5,
-2,
-5,
-2,
-15,
-18,
-10,
-13,
-20,
0,
-9,
-18,
-20,
-16,
-1,
-10,
-20,
-15,
-2,
-8,
-18,
-13,
-2,
-17,
-2,
-18,
-5,
-13,
-11,
-20,
-3,
-5,
0,
8,
3,
3,
11,
0,
1,
10,
4,
3,
4,
8,
2,
0,
10,
11,
12,
2,
9,
7,
9,
6,
1,
11,
10,
4,
0,
1,
12,
9,
9,
