Январь :  -5 -16 -11 -8 -3 -9 -5 -8 -11 -19 -7 -17 -3 -18 -13 -6 -13 -5 -10 -14 -6 -13 -18 -4 -20 -8 -8 -13 -11 0 -19 -18
Февраль :  -5 -8 -17 -11 -1 -14 -7 -20 -20 0 -10 -12 -12 -5 -15 -14 -14 -8 -5 -3 -11 -3 -6 -17 -3 -13 -11 -2 -3 -7
Март :  6 12 15 8 19 2 12 23 0 15 1 6 0 5 8 1 12 1 5 6 24 8 8 12 14 9 12 4 7 20 10 12
Апрель :  11 21 12 17 25 7 2 12 4 18 0 11 3 16 0 4 11 23 4 9 8 13 2 3 7 8 21 4 20 16 19
Май :  22 13 20 3 7 18 9 16 7 11 5 24 20 0 23 23 23 0 19 20 21 24 11 8 21 16 10 6 21 10 15 15
Июнь :  0 17 2 14 22 18 13 5 6 17 17 19 20 25 16 7 2 19 24 19 17 10 10 1 15 9 19 2 2 16 8
Июль :  15 25 21 3 14 14 12 25 6 3 14 2 11 1 21 20 6 22 17 16 12 6 0 18 9 4 7 5 23 15 14 21
Август :  7 16 23 10 21 11 4 15 5 7 24 24 14 3 14 9 15 23 0 15 22 5 6 2 18 23 11 18 14 16 11 13
Сентябрь :  4 9 8 10 6 0 7 8 8 5 2 2 12 7 6 11 11 5 8 3 3 5 1 0 1 6 0 0 11 3 7
Октябрь :  1 10 8 12 3 9 6 0 5 9 8 1 12 8 4 2 0 9 11 5 5 5 0 4 6 9 4 6 1 4 3 10
Декабрь :  -15 -20 -6 -16 -5 -5 -20 -5 -20 -13 -11 -14 -4 -20 0 -20 0 -11 -12 -20 -1 -13 -19 -20 -8 -5 -1 -13 -1 -3 -20 -2
Ноябрь :  8 0 5 6 8 12 4 0 1 11 0 2 12 9 12 0 5 2 9 1 3 11 11 1 6 2 12 7 11 9 6
